138
754
452
67
847
257
893
443
567
637
780
242
421
844
919
671
676
348
522
250
7
72
124
481
711
672
401
905
214
652
706
900
584
730
428
820
168
107
360
922
550
504
355
73
394
342
887
303
284
28
852
389
307
905
719
957
584
735
836
224
402
611
605
824
588
194
252
344
721
610
993
222
502
168
957
392
582
762
744
844
830
116
256
434
612
611
133
427
46
254
538
713
226
219
736
553
901
171
541
320
102
919
556
707
395
741
375
825
159
302
493
597
153
229
820
546
471
844
344
436
113
378
216
168
761
406
357
315
575
586
321
98
752
525
384
323
58
149
26